FRAMES = 10
HIGH = 2.49645
LOW = 1.75877
AVG = 2.0162
